5.1557 5.1714 5.1497 5.1466
3.9557 3.9858 3.9599 3.9487
4.0103 4.0086 4.0000 3.9908
3.9870 3.9837 3.9773 3.9636
3.3842 3.3940 3.3738 3.3648
4.3390 4.3412 4.3331 4.3239
3.5232 3.5418 3.5198 3.5070
4.0925 4.1039 4.0909 4.0774
3.7636 3.7654 3.7569 3.7504
2.6602 2.6665 2.6531 2.6424
4.8500 4.8536 4.8410 4.8316
3.2044 3.2117 3.2009 3.1898
5.2905 5.2878 5.2796 5.2651
4.3336 4.3789 4.3399 4.3251
3.6036 3.6187 3.6055 3.5982
4.1458 4.1696 4.1474 4.1369
3.5287 3.5468 3.5302 3.5160
4.3508 4.3474 4.3430 4.3378
3.9379 3.9318 3.9219 3.9163
5.0595 5.0414 5.0403 5.0282
4.8765 4.8482 4.8474 4.8294
2.0270 2.0113 2.0063 2.0004
1.4391 1.4413 1.4265 1.4269
4.3005 4.2994 4.2906 4.2810
4.4204 4.4196 4.4129 4.4016
3.0847 3.0899 3.0754 3.0671
3.2520 3.2627 3.2501 3.2409
4.5588 4.5554 4.5476 4.5376
3.5718 3.5998 3.5630 3.5554
4.0600 4.1107 4.0708 4.0654
3.7864 3.8119 3.7900 3.7757
3.2733 3.3007 3.2793 3.2615
4.2089 4.2108 4.2028 4.1935
4.0528 4.0604 4.0481 4.0404
2.8783 2.8902 2.8716 2.8743
2.0609 2.0625 2.0537 2.0556
6.7488 6.7340 6.7411 6.7292
5.6722 5.6782 5.6693 5.6661
6.8227 6.8069 6.8146 6.8006
2.9133 2.9066 2.9037 2.9029
5.1583 5.1576 5.1526 5.1433
4.3713 4.3761 4.3646 4.3605
3.3459 3.3507 3.3425 3.3353
2.4237 2.4325 2.4233 2.4143
3.9505 3.9682 3.9510 3.9488
4.3521 4.3565 4.3493 4.3421
5.2568 5.2607 5.2547 5.2491
5.0375 5.0477 5.0356 5.0279
4.8556 4.8739 4.8567 4.8531
4.4398 4.4504 4.4380 4.4309
5.2305 5.2476 5.2319 5.2288
5.2047 5.2296 5.2066 5.2083
3.0778 3.0760 3.0717 3.0667
4.0516 4.0634 4.0480 4.0446
3.9473 3.9557 3.9426 3.9338
3.8401 3.8449 3.8353 3.8270
4.6524 4.6693 4.6497 4.6475
4.2883 4.2899 4.2802 4.2750
4.6317 4.6237 4.6236 4.6137
5.4468 5.4424 5.4385 5.4265
6.7914 6.7999 6.7863 6.7823
4.0141 4.0019 4.0012 3.9949
6.7284 6.7283 6.7234 6.7129
5.2654 5.2737 5.2586 5.2528
3.6230 3.6266 3.6169 3.6124
3.3567 3.3389 3.3412 3.3340
4.0724 4.0512 4.0572 4.0401
2.9851 2.9502 2.9568 2.9472
4.4857 4.4441 4.4653 4.4471
4.4046 4.3519 4.3709 4.3517
5.8476 5.8392 5.8388 5.8151
6.9047 6.9510 6.9039 6.9117
6.1075 6.1049 6.0986 6.0905
3.0343 3.0370 3.0279 3.0239
4.2476 4.2508 4.2420 4.2382
7.1773 7.1829 7.1733 7.1635
5.8504 5.8629 5.8491 5.8440
3.1485 3.1449 3.1373 3.1365
6.2166 6.2034 6.1997 6.1941
4.7854 4.7891 4.7793 4.7776
7.5628 7.5705 7.5580 7.5535
5.8964 5.9158 5.8918 5.8895
4.9267 4.9284 4.9217 4.9178
4.8828 4.8986 4.8800 4.8797
5.0923 5.1137 5.0903 5.0928
4.8123 4.8356 4.8140 4.8137
4.2742 4.2870 4.2713 4.2707
3.0705 3.0912 3.0720 3.0614
0.3735 0.3760 0.3612 0.3606
0.2818 0.2709 0.2592 0.2659
0.8531 0.8564 0.8371 0.8386
0.7687 0.7601 0.7410 0.7472
0.6282 0.6117 0.5898 0.6117
1.1664 1.1434 1.1261 1.1523
0.6665 0.6578 0.6410 0.6566
0.5381 0.5192 0.5005 0.5223
0.5095 0.4888 0.4746 0.4827
0.4310 0.4708 0.3819 0.4846
1.8711 1.8461 1.8433 1.8429
1.3401 1.3098 1.2967 1.3148
0.2905 0.2721 0.2419 0.2768
0.9943 0.9786 0.9562 0.9844
0.4162 0.4011 0.3778 0.4061
0.6938 0.7022 0.6767 0.6957
0.3378 0.3305 0.3160 0.3290
0.1411 0.1346 0.1194 0.1338
3.8180 3.7858 3.7672 3.7946
4.2603 4.2365 4.2274 4.2406
2.9441 2.9294 2.9155 2.9313
6.3403 6.2184 6.2583 6.2368
4.0959 4.0503 4.0405 4.0611
4.1929 4.1716 4.1605 4.1746
5.7869 5.7154 5.7370 5.7288
4.2308 4.1937 4.1828 4.1977
5.1477 5.0980 5.1092 5.1026
5.4988 5.4448 5.4486 5.4502
4.7964 4.7435 4.7384 4.7519
4.8375 4.7821 4.7739 4.7865
4.6943 4.6667 4.6582 4.6711
5.0678 5.0158 5.0217 5.0214
3.0717 3.0512 3.0385 3.0530
3.6160 3.5823 3.5610 3.5954
5.6728 5.5998 5.6108 5.6057
5.6011 5.5781 5.5859 5.5779
2.1198 2.1283 2.1179 2.1101
2.9434 2.9583 2.9440 2.9355
3.3992 3.4168 3.4015 3.3895
4.4302 4.4543 4.4336 4.4231
1.4332 1.4518 1.4355 1.4154
1.7378 1.7438 1.7291 1.7342
2.5212 2.5306 2.5093 2.5124
1.6680 1.6865 1.6518 1.6612
1.1508 1.1505 1.1348 1.1476
4.0880 4.1349 4.0968 4.0802
2.9048 2.9156 2.9034 2.8951
2.1485 2.1609 2.1489 2.1346
2.3532 2.3669 2.3537 2.3409
1.4709 1.4833 1.4746 1.4546
1.9244 1.9406 1.9268 1.9105
1.5276 1.5377 1.5296 1.5136
1.1767 1.1825 1.1643 1.1714
3.2884 3.2892 3.2797 3.2801
1.4773 1.4862 1.4708 1.4725
1.0394 1.0394 1.0268 1.0371
1.3918 1.4207 1.3968 1.3824
1.3810 1.4126 1.3886 1.3746
2.6992 2.7326 2.7053 2.6951
2.0658 2.0885 2.0682 2.0527
1.4613 1.4735 1.4629 1.4519
0.8991 0.8926 0.8851 0.8917
5.4911 5.4743 5.4686 5.4730
5.2246 5.2060 5.1930 5.2040
5.1698 5.1614 5.1501 5.1575
3.4672 3.4682 3.4604 3.4526
1.4523 1.4617 1.4459 1.4257
1.5509 1.5566 1.5409 1.5476
2.3745 2.3823 2.3690 2.3704
2.4933 2.5063 2.4820 2.4882
1.4401 1.4410 1.4253 1.4374
1.4079 1.4316 1.4060 1.3942
1.5134 1.5521 1.5249 1.5027
1.9997 2.0223 2.0030 1.9952
1.6307 1.6379 1.6283 1.6210
1.7230 1.7338 1.7219 1.7157
1.1751 1.1672 1.1574 1.1646
0.0482 0.0423 0.0190 0.0436
6.4103 6.4092 6.3939 6.3768
7.0130 7.0036 6.9934 6.9761
6.7060 6.6435 6.6773 6.6240
6.0879 6.1467 6.0856 6.1024
1.5092 1.5380 1.5193 1.5024
1.4588 1.4639 1.4461 1.4408
0.8757 0.8677 0.8560 0.8610
1.8001 1.8305 1.8000 1.7872
1.6479 1.6794 1.6426 1.6427
2.0553 2.0672 2.0441 2.0438
3.9852 4.0233 3.9750 3.9939
1.4635 1.4793 1.4473 1.4517
2.5181 2.5296 2.5086 2.5175
7.5601 7.5872 7.5433 7.5447
4.4176 4.4112 4.4024 4.3972
4.6610 4.6401 4.6363 4.6222
2.2257 2.2220 2.2065 2.2055
1.3595 1.3460 1.3317 1.3426
5.2294 5.1511 5.1708 5.1250
2.0204 2.0317 2.0121 1.9976
0.3205 0.3265 0.2997 0.3062
2.1265 2.1615 2.1111 2.1136
1.5502 1.5804 1.5272 1.5398
2.0525 2.0689 2.0391 2.0453
3.7515 3.7629 3.7369 3.7384
2.3233 2.3314 2.3047 2.3156
0.5284 0.5302 0.5031 0.5088
2.9809 2.9351 2.9419 2.9290
4.0495 4.0758 4.0460 4.0378
5.5473 5.6049 5.5471 5.5650
2.4026 2.3994 2.3837 2.3765
2.3063 2.3241 2.2965 2.2901
1.5018 1.5177 1.4865 1.4958
1.7874 1.7932 1.7718 1.7787
5.0767 5.1204 5.0695 5.0806
2.9538 2.9822 2.9397 2.9421
1.4305 1.4403 1.4220 1.4096
2.8685 2.8563 2.8434 2.8499
1.3268 1.3149 1.3034 1.3095
2.8606 2.8330 2.8253 2.8250
2.5375 2.5278 2.5193 2.5186
5.1802 5.1629 5.1637 5.1544
1.3126 1.3119 1.2879 1.3024
3.3453 3.3346 3.3258 3.3302
3.7149 3.6975 3.6924 3.6915
4.6990 4.6803 4.6793 4.6775
4.7765 4.7426 4.7539 4.7402
6.2196 6.1580 6.1828 6.1609
4.1878 4.1458 4.1471 4.1381
3.3946 3.3466 3.3550 3.3459
3.7599 3.7436 3.7435 3.7387
3.4841 3.4689 3.4670 3.4662
3.3828 3.3736 3.3671 3.3669
4.0128 3.9973 3.9969 3.9910
2.9336 2.9302 2.9204 2.9194
3.3108 3.2780 3.2700 3.2747
2.9664 2.9524 2.9451 2.9476
4.8191 4.8000 4.8003 4.7959
3.9069 3.8784 3.8819 3.8785
3.5127 3.4829 3.4803 3.4820
0.3977 0.3728 0.3339 0.3804
1.4980 1.4829 1.4737 1.4817
2.0573 2.0432 2.0219 2.0363
2.4043 2.3984 2.3913 2.3948
3.9064 3.8992 3.8940 3.8908
4.0572 4.0448 4.0427 4.0391
2.1664 2.1672 2.1562 2.1513
2.3623 2.3618 2.3514 2.3489
2.7411 2.7358 2.7295 2.7299
4.9591 4.9378 4.9381 4.9338
3.9089 3.8853 3.8865 3.8847
4.1408 4.1221 4.1194 4.1180
2.9530 2.9452 2.9380 2.9414
4.6798 4.6602 4.6585 4.6570
3.5089 3.4938 3.4923 3.4931
6.0824 6.0279 6.0458 6.0232
4.8285 4.7958 4.7973 4.7816
3.8968 3.8715 3.8673 3.8740
6.1182 6.0676 6.0778 6.0611
4.7265 4.7050 4.7026 4.6934
4.0215 4.0301 4.0188 4.0114
3.6886 3.6780 3.6746 3.6674
9.9355 9.9482 9.9310 9.9357
5.4253 5.4039 5.4082 5.3926
6.0969 6.1031 6.0927 6.0862
5.1524 5.1485 5.1421 5.1335
3.0372 3.0220 3.0170 3.0108
5.3940 5.3803 5.3814 5.3685
3.1616 3.1500 3.1438 3.1361
6.1948 6.1646 6.1700 6.1494
3.3176 3.3015 3.2955 3.2866
6.4391 6.4031 6.4169 6.3929
3.9046 3.8781 3.8765 3.8616
4.4748 4.4197 4.4237 4.4261
4.1714 4.1426 4.1420 4.1362
5.3851 5.3579 5.3615 5.3460
4.4526 4.3722 4.3913 4.3743
4.5102 4.4645 4.4740 4.4719
4.1447 4.0925 4.1047 4.1019
2.6796 2.6570 2.6467 2.6606
2.0546 2.0456 2.0353 2.0462
1.4655 1.4571 1.4378 1.4524
3.2037 3.1917 3.1820 3.1919
1.4048 1.3909 1.3687 1.3941
4.2525 4.2310 4.2234 4.2258
5.6821 5.6619 5.6598 5.6563
3.6915 3.6752 3.6613 3.6691
5.4746 5.4536 5.4431 5.4441
4.9208 4.8849 4.8879 4.8855
2.9154 2.8822 2.8786 2.8900
2.6162 2.5952 2.5849 2.5971
1.9283 1.9175 1.9044 1.9191
1.7495 1.7438 1.7232 1.7383
3.3833 3.3703 3.3602 3.3697
2.1634 2.1399 2.1200 2.1446
4.3788 4.3675 4.3542 4.3583
5.8725 5.8511 5.8489 5.8438
4.0180 4.0042 3.9875 3.9965
5.9856 5.9656 5.9565 5.9563
4.7125 4.6747 4.6806 4.6741
4.9944 5.0511 4.9617 5.0545
6.1518 6.2075 6.1226 6.2084
0.0489 0.0349 -0.0023 0.0366
0.4546 0.4424 0.4280 0.4421
0.4500 0.4390 0.4263 0.4374
0.4463 0.4421 0.4341 0.4360
0.1651 0.1578 0.1486 0.1538
0.7034 0.6986 0.6870 0.6900
