4.2242 4.2419
3.6657 3.6972
3.5179 3.5201
3.6014 3.6048
3.5722 3.5847
3.8381 3.8424
1.4987 1.5159
3.1243 3.1383
4.3418 4.3481
2.1136 2.1228
2.8133 2.8197
2.3353 2.3433
4.5445 4.5438
3.7354 3.7982
3.2352 3.2530
3.0816 3.1072
1.5552 1.5716
3.3372 3.3369
1.9556 1.9534
3.4588 3.4461
2.5331 2.5206
0.9909 0.9826
0.7684 0.7745
4.7488 4.7499
2.8565 2.8583
2.0864 2.0946
1.9674 1.9766
2.8006 2.8006
3.4332 3.4697
1.7833 1.8234
2.4583 2.4850
2.1477 2.1748
4.0602 4.0650
2.4107 2.4190
0.4188 0.4288
0.8478 0.8546
7.5183 7.4989
4.0613 4.0658
2.6927 2.6914
6.8761 6.8673
4.7591 4.7590
5.4289 5.4370
1.7092 1.7159
1.0094 1.0195
1.0843 1.0966
2.9207 2.9241
2.6322 2.6363
2.2457 2.2534
3.6168 3.6320
3.7947 3.8036
2.7600 2.7717
2.7419 2.7583
1.5949 1.5946
1.5957 1.6059
2.2796 2.2855
3.3942 3.3955
5.0705 5.0863
2.9192 2.9234
2.0550 2.0510
4.5486 4.5440
6.3415 6.3486
3.6746 3.6624
6.6521 6.6504
3.5840 3.5906
2.6673 2.6742
1.9821 1.9712
2.9303 2.9171
1.9558 1.9318
1.1530 1.1372
3.4285 3.3817
4.6851 4.6801
5.4313 5.4648
5.4382 5.4380
1.4016 1.4043
2.3085 2.3123
6.0536 6.0598
5.1684 5.1818
2.4579 2.4542
5.6597 5.6446
1.8966 1.9001
8.0335 8.0367
5.0339 5.0604
1.5603 1.5641
4.9920 5.0070
4.0278 4.0445
3.1550 3.1725
2.1727 2.1826
2.4819 2.5003
1.0781 1.0792
0.4107 0.4010
0.6566 0.6603
0.8710 0.8644
0.3174 0.3023
0.9326 0.9091
0.4026 0.3948
0.1408 0.1272
0.5283 0.5140
0.7085 0.6781
1.1171 1.1008
0.8521 0.8254
-0.0275 -0.0460
0.5298 0.5131
-0.0423 -0.0571
-0.1650 -0.1662
0.0812 0.0761
0.0733 0.0669
6.2892 6.2149
3.6927 3.6713
4.8958 4.8761
6.1019 5.9681
4.4962 4.4349
4.8704 4.8443
6.2524 6.1595
4.8292 4.7806
5.8630 5.8082
5.4498 5.3956
3.9679 3.9255
4.6823 4.6287
6.0035 5.9631
5.1735 5.1335
2.7811 2.7684
1.9282 1.9036
6.3281 6.2513
6.1603 6.1486
1.5894 1.5973
2.7038 2.7165
2.7424 2.7581
3.1000 3.1222
1.0384 1.0560
1.3314 1.3382
2.8417 2.8552
0.1517 0.1666
0.7318 0.7325
2.6784 2.7171
2.3806 2.3933
0.9773 0.9901
1.2863 1.2980
1.3544 1.3691
2.4031 2.4246
1.6238 1.6354
1.5795 1.5851
4.0385 4.0427
-0.7108 -0.7075
0.6480 0.6482
1.2496 1.2736
0.6080 0.6364
2.4737 2.5064
0.7928 0.8173
0.7992 0.8131
0.1819 0.1792
2.7278 2.7182
2.6900 2.6731
0.5765 0.5735
1.7110 1.7161
2.2199 2.2317
1.1026 1.1070
-1.0808 -1.0770
0.0335 0.0415
0.4567 0.4578
0.5674 0.5906
0.7538 0.7864
0.7849 0.8045
0.8910 0.9001
0.7551 0.7655
0.4324 0.4276
0.0936 0.0891
6.9125 6.9099
4.2015 4.2188
2.3094 2.2970
4.6168 4.6701
1.7205 1.7533
2.3763 2.3840
1.7143 1.7055
1.5614 1.5934
1.2928 1.3228
2.9350 2.9473
4.1668 4.1761
0.6409 0.6596
2.5702 2.5825
5.5841 5.6098
2.0553 2.0581
1.7457 1.7431
0.9667 0.9693
1.0033 0.9942
1.9608 1.9434
1.7472 1.7619
0.1960 0.1991
3.5189 3.5584
1.7661 1.7925
2.3344 2.3444
4.5906 4.5863
3.4045 3.4033
0.5614 0.5647
1.0251 1.0043
1.9703 1.9929
3.9854 4.0309
3.7211 3.7153
1.9301 1.9507
2.7162 2.7274
2.1580 2.1639
4.6757 4.7189
3.0715 3.1011
2.0160 2.0280
3.6317 3.6111
3.1906 3.1719
3.0218 2.9872
1.0286 1.0244
5.7781 5.7586
0.9927 0.9880
3.2563 3.2450
3.0282 3.0159
4.9389 4.9180
3.9651 3.9404
6.1726 6.1094
3.8743 3.8292
4.4986 4.4383
3.6739 3.6595
3.9211 3.9035
2.8002 2.7915
3.2187 3.2081
1.7948 1.7927
2.6810 2.6534
2.7612 2.7489
4.6661 4.6502
4.6396 4.6079
3.7718 3.7403
0.7169 0.6938
1.5537 1.5393
1.6271 1.6137
1.8839 1.8806
3.3761 3.3698
3.3626 3.3541
1.6478 1.6493
2.1584 2.1597
2.4668 2.4653
4.5338 4.5144
4.3452 4.3206
3.9934 3.9770
2.7498 2.7418
4.7532 4.7334
3.2453 3.2315
5.4415 5.3925
5.2659 5.2466
4.7745 4.7399
5.3680 5.3310
5.0840 5.0723
4.6983 4.7091
2.3060 2.3035
5.8646 5.8740
2.8140 2.8063
4.2939 4.3037
4.5775 4.5822
3.6527 3.6385
4.5632 4.5571
3.5559 3.5454
4.1390 4.1287
4.1133 4.0982
4.9419 4.9247
4.8229 4.7935
3.2518 3.2155
6.0281 5.9905
5.4812 5.4673
5.3415 5.2507
3.2742 3.2329
2.9718 2.9303
5.1893 5.1424
0.8315 0.8246
0.7213 0.7150
1.4736 1.4632
1.2114 1.1978
4.4134 4.3904
6.3998 6.3753
2.3163 2.3100
4.9366 4.9134
4.0986 4.0648
2.5368 2.5048
2.1163 2.0989
1.3358 1.3229
2.1045 2.0942
1.3949 1.3877
4.8457 4.7946
5.4872 5.4706
6.4702 6.4401
4.2223 4.2103
7.1403 7.1117
5.9570 5.9018
-2.3791 -2.3875
-2.3781 -2.3862
0.0168 0.0083
0.1797 0.1701
0.1053 0.0964
0.4649 0.4622
0.0290 0.0229
0.6526 0.6492
