2.3769 8.0367 8.0487 2.3195
1.8957 7.4124 7.3841 1.8531
1.3569 8.7774 8.8174 1.2882
1.5658 8.1032 8.1404 1.4947
1.0506 6.7104 6.7138 0.9976
2.2293 7.6154 7.6302 2.1774
1.1906 5.4823 5.4612 1.1529
2.2096 7.9439 7.9550 2.1438
2.1146 9.0558 9.0936 2.0549
1.6082 8.4634 8.4972 1.5403
1.0028 9.0910 9.1215 0.9558
1.6401 5.3324 5.3171 1.6125
1.4602 6.5765 6.5919 1.4035
2.3619 8.6845 8.6860 2.2813
2.3035 6.2688 6.2526 2.2871
1.5732 6.5420 6.5243 1.5346
1.0066 5.8538 5.8306 0.9706
1.7568 7.1961 7.2148 1.7257
1.3856 5.2014 5.2020 1.3488
1.8079 6.1688 6.1860 1.7577
1.6835 5.0443 5.0541 1.6266
0.6383 4.0859 4.0892 0.6038
1.1287 1.0074 0.9902 1.1192
1.5567 9.4342 9.5134 1.4583
1.7737 9.4725 9.5143 1.6967
1.1286 7.1179 7.1169 1.0819
1.2596 5.5286 5.5149 1.2295
1.3382 6.2611 6.2708 1.2920
2.5970 5.7436 5.7249 2.5516
3.2648 -0.7253 -0.7352 3.2700
1.5587 5.1575 5.1315 1.5290
1.5892 4.3568 4.3275 1.5631
1.9886 4.7542 4.7512 1.9628
1.1556 4.9545 4.9476 1.1312
0.9965 3.1287 3.1077 0.9923
0.4754 4.1180 4.1097 0.4743
3.9646 13.0530 13.1949 3.8366
4.3697 11.6490 11.6786 4.3161
0.1136 7.8098 7.8225 0.0971
1.2646 8.1515 8.1849 1.2385
1.9057 5.9115 5.9166 1.8761
1.3007 6.4192 6.4181 1.2793
1.7655 5.5457 5.5352 1.7470
1.2521 3.1759 3.1600 1.2417
1.3750 5.1166 5.0978 1.3633
2.1224 5.5165 5.5039 2.1072
1.8367 5.8259 5.8179 1.8221
2.4238 5.2192 5.2030 2.4050
1.8293 5.6454 5.6183 1.8180
2.4763 7.2043 7.1925 2.4558
1.8786 4.8152 4.7941 1.8697
2.3668 7.7246 7.6874 2.3535
1.8243 4.5484 4.5423 1.8096
1.7286 5.9509 5.9333 1.7148
1.4027 5.8014 5.7819 1.3745
1.7972 4.5594 4.5476 1.7764
5.2589 7.1515 7.1154 5.2612
1.9279 8.5657 8.5771 1.8846
1.8278 7.5582 7.5547 1.8087
3.5912 7.4629 7.4530 3.5632
3.6819 7.6585 7.6422 3.6622
2.4313 7.5754 7.5853 2.4029
4.9125 8.7411 8.7309 4.8889
3.1988 7.6415 7.6390 3.1567
1.7799 7.6492 7.6551 1.7530
1.1573 3.7983 3.7980 1.1384
0.9603 5.8231 5.8356 0.9223
2.2964 5.5273 5.5603 2.2391
1.5087 5.0101 5.0322 1.4805
1.9240 5.6692 5.7161 1.8598
3.9392 5.6867 5.6812 3.9043
3.6256 6.2739 6.2283 3.6089
4.7501 9.4257 9.4460 4.7041
1.5152 4.6294 4.6217 1.4961
2.0509 4.8982 4.8861 2.0372
4.8430 8.2359 8.2081 4.8318
4.1589 7.3575 7.3314 4.1492
2.1061 5.7629 5.7629 2.0851
4.0468 8.2012 8.2232 4.0012
1.3074 5.9538 5.9496 1.2883
4.8218 8.8648 8.8557 4.7956
4.0178 6.3203 6.2682 4.0256
2.3515 5.4077 5.3980 2.3404
4.9854 7.7495 7.7207 4.9846
3.0753 5.1698 5.1428 3.0690
3.2242 7.2672 7.2386 3.2125
1.6257 4.7584 4.7352 1.6171
1.9501 1.7213 2.1599 1.4820
0.5572 0.3774 0.3631 0.5439
0.0531 0.6396 -0.5487 1.2122
0.6723 -1.0291 -1.0494 0.6602
0.9778 -0.3109 -0.3372 0.9600
0.2699 1.7079 1.6898 0.2564
0.1697 3.0971 3.0903 0.1614
0.1323 2.2412 2.2275 0.1222
0.0426 0.6712 0.6500 0.0325
0.6728 -3.0309 4.3672 -6.7565
-0.7823 3.6113 3.6202 -0.7977
0.0127 3.4696 3.4712 -0.0077
0.5531 2.8927 2.8892 0.5320
0.6360 -0.7908 2.0548 -2.2457
0.1262 2.3251 2.3154 0.1137
0.6116 -0.0855 1.3024 -0.8065
0.4448 0.6203 0.2619 0.7793
0.0185 1.4309 1.4195 0.0111
0.1783 -0.0585 -0.0707 0.1676
2.7410 7.7945 7.8302 2.6931
1.0573 5.8614 5.8700 1.0369
1.6689 6.2827 6.2915 1.6489
1.9393 7.1115 7.1653 1.8763
2.0658 6.9807 7.0393 1.9967
1.9654 6.7451 6.7786 1.9141
1.6039 8.2044 8.3058 1.5189
2.6531 6.2729 6.2967 2.6031
3.2700 8.0115 8.0516 3.2146
2.2995 8.0444 8.1159 2.2162
1.8508 7.6107 7.7421 1.7131
1.4518 7.3775 7.4132 1.3993
2.5788 8.3766 8.4304 2.5156
0.5741 7.9670 8.0254 0.5227
1.1351 8.5044 8.5612 1.0817
0.6512 8.4441 8.5009 0.6103
0.8207 9.9052 10.2444 0.6196
-1.1270 11.5957 11.6927 -1.1484
0.4104 7.6313 7.6262 0.3858
1.2526 9.3102 9.3024 1.2156
1.1818 9.4207 9.4020 1.1390
1.5997 8.9520 8.9274 1.5604
0.0552 8.3053 8.2846 0.0212
0.5250 5.5590 5.5409 0.5194
1.3171 6.3561 6.3396 1.2947
0.2150 4.0121 3.9713 0.2051
-0.0306 4.8526 4.8467 -0.0343
1.1815 9.5693 9.5481 1.1165
1.3945 8.4817 8.4852 1.3613
-0.0488 9.1298 9.1386 -0.0848
0.3130 8.1168 8.1025 0.2700
0.5465 9.0582 9.0346 0.4987
0.9135 7.9693 7.9660 0.8732
0.1348 8.7496 8.7427 0.0961
0.7164 6.4189 6.4063 0.7041
1.6333 6.9528 6.9387 1.6253
-0.0023 3.7697 3.7513 -0.0134
0.0025 4.8279 4.8204 0.0010
0.7849 5.6149 5.5695 0.7676
0.7506 4.8905 4.8539 0.7314
1.8443 6.6935 6.6448 1.8307
0.7279 6.4597 6.4224 0.7055
0.7225 5.8233 5.7956 0.7086
0.0179 7.4325 7.4493 0.0125
-0.2422 9.5172 9.5790 -0.2660
-0.1065 9.1244 9.1621 -0.1309
-0.1765 8.4912 8.5218 -0.1920
0.9803 5.1526 5.1452 0.9613
0.5403 5.6472 5.6291 0.4964
-0.4315 3.6179 3.6041 -0.4377
1.3168 6.1749 6.1609 1.3044
1.4601 -2.2419 5.1607 -5.9800
-0.0716 5.3946 5.3878 -0.0749
0.5706 5.1824 5.1435 0.5537
0.6874 5.2912 5.2476 0.6689
0.7838 5.7611 5.7226 0.7685
0.9669 6.2364 6.2182 0.9516
0.7117 5.3885 5.3710 0.6994
-0.3402 6.9358 6.9585 -0.3511
-0.0446 9.5137 9.5861 -0.0487
1.8037 3.5963 3.5699 1.7736
1.9830 4.9771 4.9535 1.9526
0.6881 3.4889 3.4617 0.6628
2.5661 10.1125 10.1964 2.4300
0.8148 3.1505 3.1195 0.8054
1.4454 3.0319 3.0014 1.4375
0.3740 5.0076 5.0084 0.3581
1.1107 3.6846 3.6365 1.0926
1.4228 3.5030 3.4544 1.4145
1.9097 3.4927 3.4646 1.8957
1.9388 3.4705 3.4275 1.9344
0.2615 2.1733 2.1349 0.2476
1.6147 8.0062 8.0212 1.5817
3.7015 5.2852 5.2376 3.6812
3.7550 6.0275 6.0355 3.7170
1.7415 3.3780 3.3565 1.7186
1.9342 5.4911 5.4966 1.8966
0.5370 5.3491 5.3750 0.5086
1.5795 -1.7356 -1.7861 1.5594
1.1912 3.3048 3.2827 1.1622
0.2222 2.0370 2.0118 0.2035
2.1331 4.9400 4.8809 2.1038
1.4541 3.1090 3.0613 1.4279
1.6645 3.4722 3.4481 1.6442
2.8334 4.8685 4.8338 2.8202
1.5572 4.1017 4.0845 1.5351
0.0486 4.1904 4.1791 0.0137
-3.0252 9.8830 10.1302 -2.7997
5.6992 9.9163 9.8709 5.6829
2.3939 5.6126 5.5484 2.3981
1.8239 3.0219 2.9937 1.8066
1.0807 4.1269 4.0892 1.0534
1.4962 3.6378 3.6038 1.4857
1.3883 3.3348 3.3146 1.3734
3.6737 5.1226 5.0607 3.6773
2.2226 3.9480 3.8900 2.2117
0.4262 6.5270 6.5272 0.3587
1.0546 2.4847 2.4744 1.0369
0.6912 2.9789 2.9734 0.6668
1.1103 6.1379 6.1507 1.0758
0.9696 1.4061 1.3936 0.9548
3.2258 4.4676 4.4658 3.2019
0.4164 1.3838 1.3706 0.3994
2.6312 4.9928 4.9947 2.6037
2.0290 5.4920 5.4962 2.0056
4.7153 5.5480 5.5524 4.6879
3.2130 4.1879 4.1904 3.1904
4.8313 8.0489 8.1003 4.7635
1.6449 3.2293 3.2283 1.6035
2.0158 8.0164 8.0959 1.9278
3.4349 3.8554 3.8555 3.4151
2.5862 4.6501 4.6550 2.5601
2.5545 2.7919 2.7837 2.5399
2.2490 3.6974 3.6937 2.2283
1.4942 2.4337 2.4248 1.4765
1.8563 4.5579 4.5598 1.8262
1.7458 5.3994 5.4051 1.7199
3.6360 5.8131 5.8194 3.6072
3.6469 4.6853 4.6920 3.6211
2.7931 3.5258 3.5219 2.7682
0.6277 -0.1497 -0.2008 0.6164
0.9687 0.9878 0.9712 0.9599
0.5712 4.1976 4.1834 0.5593
2.1540 0.8122 0.8027 2.1484
3.7662 2.0550 2.0470 3.7568
3.2342 3.4732 3.4676 3.2193
1.3847 1.7130 1.7018 1.3683
2.1772 1.6069 1.5958 2.1663
2.4666 3.6274 3.6214 2.4533
3.6478 5.8015 5.8083 3.6185
3.6613 4.4674 4.4698 3.6400
1.8241 2.5638 2.5543 1.8116
1.7583 5.6914 5.6970 1.7330
3.2054 7.3857 7.4010 3.1743
1.8578 5.4688 5.4793 1.8327
0.0861 7.6309 7.6769 0.0318
5.9142 -1.4065 13.3129 -8.8376
4.4084 -3.3619 12.2028 -11.1425
1.0340 7.3948 7.4512 0.9461
7.5734 0.2566 14.9724 -7.1813
2.2322 8.0545 8.0589 2.1877
1.3455 6.7521 6.7816 1.2967
3.4591 8.4664 8.4729 3.4291
1.1262 6.3279 6.3564 1.0772
3.8067 7.9849 7.9826 3.7789
1.5577 6.9825 7.0057 1.5054
1.1191 5.0038 5.0217 1.0696
1.2380 6.7475 6.7822 1.1799
1.0878 5.5529 5.5770 1.0321
1.6108 7.0923 7.1416 1.5362
1.7356 5.6062 5.6350 1.6697
1.7099 7.9382 8.0072 1.6318
1.8386 6.5805 6.6505 1.7345
1.6544 9.6356 9.8223 1.5388
6.1497 -5.7914 18.2228 -17.6302
-2.1608 10.9975 11.2252 -2.0260
5.1483 -6.3337 16.8197 -17.5365
0.7822 5.6231 5.6740 0.7350
1.6435 5.7573 5.8103 1.5890
0.8277 5.9198 5.9400 0.8051
0.6106 5.4719 5.4765 0.6004
0.7883 5.2869 5.2909 0.7609
0.4390 5.2189 5.2207 0.4289
0.0711 6.1409 6.1600 0.0541
0.0569 4.7959 4.7811 0.0488
0.4971 5.7786 5.7721 0.4859
0.0368 3.7132 3.6875 0.0300
0.9898 6.0540 6.0459 0.9738
1.6498 7.2052 7.2828 1.5682
1.0719 5.6594 5.7087 1.0255
0.6688 5.7369 5.7526 0.6470
0.5961 5.5080 5.5172 0.5827
0.7051 4.7307 4.7254 0.6868
0.5697 5.8491 5.8597 0.5541
0.0575 6.3987 6.4297 0.0367
0.0757 5.1755 5.1573 0.0685
1.5458 6.9786 6.9773 1.5288
0.0896 3.9968 3.9726 0.0811
1.2650 6.4664 6.4617 1.2459
0.0394 3.5912 3.5823 0.0227
0.0177 2.2914 2.2733 0.0129
0.0109 1.9149 1.8975 0.0025
0.3316 -0.9074 1.5632 -2.1855
-0.1412 5.5255 5.5455 -0.1655
0.0191 4.1193 4.1245 -0.0012
0.2072 4.1922 4.1911 0.1908
-0.1419 4.5923 4.6002 -0.1645
0.1723 4.0765 4.0776 0.1490
